    0.05705468
    0.05705468
    0.05705468
    0.05705468
    0.05759717
    0.05759717
    0.05759717
    0.05759717
   -0.05551991
   -0.04985442
   -0.05551991
   -0.05551991
   -0.04985442
   -0.05551991
   -0.04985442
   -0.04985442
   -0.05234906
   -0.06204293
   -0.05234906
   -0.05234906
   -0.06204293
   -0.05234906
   -0.06204293
   -0.06204293
    0.19429550
    0.19719898
    0.19429550
    0.19429547
    0.19719894
    0.19429547
    0.19719894
    0.19719898
   -0.42160262
   -0.41807602
   -0.42160262
   -0.42160263
   -0.41807604
   -0.42160263
   -0.41807604
   -0.41807602
    0.02489869
    0.02479793
    0.02489869
    0.02489868
    0.02479793
    0.02489868
    0.02479793
    0.02479793
    0.03346142
    0.03056247
    0.03346142
    0.03346142
    0.03056247
    0.03346142
    0.03056247
    0.03056247
    0.07386265
    0.07051635
    0.07386265
    0.07386265
    0.07051635
    0.07386265
    0.07051635
    0.07051635
    0.02210135
    0.02210135
    0.02210135
    0.02210135
    0.02309782
    0.02309782
    0.02309782
    0.02309782
