                     5                     1  0.951332013237115     
                     6                     2  0.951332013230548     
                     7                     3  0.951332013237068     
                     8                     4  0.951332013230594     
                     9                     5  0.995235884952317     
                    10                     6  0.998654023271992     
                    11                     7  0.995235884952385     
                    12                     8  0.995235884879223     
                    13                     5  0.998654023199020     
                    14                     6  0.995235884879243     
                    15                     7  0.998654023199030     
                    16                     8  0.998654023272000     
                    17                     1  0.997156733981059     
                    18                     2  0.994889799970485     
                    19                     3  0.997156733980990     
                    20                     4  0.997156733942076     
                    21                     1  0.994889799810781     
                    22                     2  0.997156733942071     
                    23                     3  0.994889799810869     
                    24                     4  0.994889799970375     
                    25                     9   1.07197693597210     
                    25                    17   1.07034844912800     
                    26                    10   1.07401895478265     
                    26                    18   1.05988765775192     
                    27                    11   1.07197693597529     
                    27                    19   1.07034844913133     
                    28                    12   1.07197692854172     
                    28                    20   1.07034844116571     
                    29                    13   1.07401894622921     
                    29                    21   1.05988765060764     
                    30                    14   1.07197692854308     
                    30                    22   1.07034844116724     
                    31                    15   1.07401894623137     
                    31                    23   1.05988765060937     
                    32                    16   1.07401895477878     
                    32                    24   1.05988765774859     
                    33                    25   1.64790212799839     
                    34                    26   1.65368014861728     
                    35                    27   1.64790212801268     
                    36                    28   1.64790209145003     
                    37                    29   1.65368011033640     
                    38                    30   1.64790209145561     
                    39                    31   1.65368011034452     
                    40                    32   1.65368014860089     
                    41                     9  0.993406055003266     
                    41                    24  0.992660131849899     
                    42                    10  0.996089942589037     
                    42                    17  0.996666766897053     
                    43                    11  0.993406055003526     
                    43                    18  0.992660131850320     
                    44                    12  0.993406054487794     
                    44                    23  0.992660130890992     
                    45                    13  0.996089942148218     
                    45                    20  0.996666766506977     
                    46                    14  0.993406054487843     
                    46                    21  0.992660130890870     
                    47                    15  0.996089942148325     
                    47                    22  0.996666766507096     
                    48                    16  0.996089942589049     
                    48                    19  0.996666766897007     
                    49                    41  0.965360980835790     
                    50                    42  0.964167335434137     
                    51                    43  0.965360980835843     
                    52                    44  0.965360980750898     
                    53                    45  0.964167335334561     
                    54                    46  0.965360980750896     
                    55                    47  0.964167335334597     
                    56                    48  0.964167335434134     
                    57                    41  0.958791597549525     
                    58                    42  0.958350836687393     
                    59                    43  0.958791597549599     
                    60                    44  0.958791597396580     
                    61                    45  0.958350836558862     
                    62                    46  0.958791597396572     
                    63                    47  0.958350836558898     
                    64                    48  0.958350836687391     
                    65                     5  0.947511632753473     
                    66                     6  0.947511632779099     
                    67                     7  0.947511632753571     
                    68                     8  0.947511632778974     
                    69                     1  0.948238561879520     
                    70                     2  0.948238561847110     
                    71                     3  0.948238561879640     
                    72                     4  0.948238561847022     
